=== 3powers-mcnairA799 ===
7
0100
0300
0700
0700
0401
0201
9900
2
9999
9999

=== 3powers-prideJ133 ===
7
0100
0300
0700
0700
0401
0201
9900
2
9999
9999

=== add2or3-bahidikaD374 ===
27
0103
0305
2003
1224
0100
0101
0301
0500
0404
0203
0204
1026
0303
2006
1224
0100
0101
0102
0300
0501
0502
0203
0204
1026
0203
0204
9900
7
9999
9999
9999
9999
0000
0002
0003

=== add2or3-crawfordJ558 ===
29
0103
0303
2005
1212
0100
0101
0300
0501
0404
0203
0204
1027
0303
2006
1225
0100
0101
0102
0300
0501
0502
0404
0203
0204
1027
0203
0204
9900
9900
7
9999
9999
9999
9999
0000
0002
0003

=== add2or3-wagnerO393 ===
27
0301
2002
1211
0104
0105
0304
0505
0400
0201
0200
1011
0301
2003
1224
0104
0105
0106
0304
0505
0506
0400
0201
0200
1026
0201
0200
9900
7
9999
9999
9999
9999
9999
9999
9999

=== countBy5-crawfordJ558 ===
14
0100
0200
0301
0402
0302
1900
1212
0202
0302
2505
0402
1004
9900
9900
3
9999
0005
9999

=== demo_block2 ===
5
3501
3900
0400
0200
9900
4
0000
0085
0090
0078

=== demo_block3 ===
3
0300
0200
9900
3
0085
0090
0078

=== demo_block ===
14
3501
3600
3900
0400
4100
3900
0500
0400
4100
3900
0500
0400
0200
9900
4
0000
0085
0090
0078

=== digits2-jamesK198 ===
15
0101
0201
0301
0900
0402
0202
0301
0800
0403
0203
0302
0503
0404
0204
9900
5
0010
9999
9999
9999
9999

=== digits2-lateefK879 ===
11
0100
0200
0300
2910
0403
0203
0302
0503
0404
0204
9900
5
9999
0010
9999
9999
9999

=== first-crawfordJ558 ===
6
0102
0302
0700
0403
0203
9900
4
0003
0004
9999
9999

=== first-greenD236 ===
6
0102
0302
0700
0403
0203
9900
4
0003
0004
9999
9999

=== first ===
6
0102
0302
0700
0403
0203
9900
4
0003
0004
9999
9999

=== first-millerI558 ===
6
0102
0300
0702
0403
0203
9900
4
0003
0004
9999
9999

=== goodSample ===
0
0

=== log2-bahidikaD374 ===
14
0100
0300
2302
1212
0300
2802
0400
0200
0301
1600
0401
1001
0201
9900
3
0005
0000
0001

=== oddSeriesSums-crawfordJ558 ===
28
0100
0305
0401
0301
1900
1226
0304
0403
0305
0402
0302
1901
1221
0303
0502
0403
0203
0302
0506
0402
1010
0000
0301
0505
0401
1003
0000
9900
7
9999
9999
9999
9999
0000
0001
0002

=== oddSeriesSums-peeleM860 ===
26
0100
0305
0401
0305
0402
0301
1900
1225
0301
1600
0401
0304
0403
0302
1901
1224
0302
2502
0402
0303
0502
0403
0203
1005
1005
9900
7
9999
9999
9999
9999
0000
0001
0002

=== oddSeriesSums-starksL369 ===
27
0100
0304
0401
0301
1900
1225
0303
0406
0304
0402
0302
1901
1220
0306
0502
0406
0302
0505
0402
1010
0000
0301
0504
0401
1003
0000
9900
7
9999
9999
9999
0000
0001
0002
9999

=== one-parrisD951 ===
11
0101
0301
2300
1209
0201
0300
0501
0402
0202
0200
9900
3
0005
9999
9999

=== one-prideJ133 ===
9
0101
2301
1207
0201
0301
0500
0400
0200
9900
2
0005
9999

=== positiveSum-medacierC898 ===
34
3504
3600
1300
0403
0303
1801
1213
3700
4100
0303
1600
0403
1004
0000
3504
3600
1300
0403
0303
1801
1232
3900
2302
1227
3900
0500
0400
4100
0303
1600
0403
1018
0200
9900
5
0000
0012
0000
9999
9999

=== positiveSum-ramjattanJ381 ===
117
3501
3700
3900
0402
3308
0500
0400
0200
4100
3501
3700
3900
0402
3308
0500
0400
0200
4100
3501
3700
3900
0402
3308
0500
0400
0200
4100
3501
3700
3900
0402
3308
0500
0400
0200
4100
3501
3700
3900
0402
3308
0500
0400
0200
4100
3501
3700
3900
0402
3308
0500
0400
0200
4100
3501
3700
3900
0402
3308
0500
0400
0200
4100
3501
3700
3900
0402
3308
0500
0400
0200
4100
3501
3700
3900
0402
3308
0500
0400
0200
4100
3501
3700
3900
0402
3308
0500
0400
0200
4100
3501
3700
3900
0402
3308
0500
0400
0200
4100
3501
3700
3900
0402
3308
0500
0400
0200
9900
0000
0302
2203
1314
0302
1116
0303
1116
3300
4
0000
0012
0000
0000

=== rectangle-crutchfieldK694 ===
40
0100
0101
0300
0405
3227
0301
0405
3227
0300
0406
0301
0407
3228
0403
0303
0405
3227
0300
0408
0301
0409
3231
0402
0302
0405
3227
9900
0205
0306
0707
3300
0308
0704
0408
0309
0704
0409
0308
0509
3300
10
9999
9999
9999
9999
0002
9999
9999
9999
9999
9999

=== rectangle-greenD236 ===
17
0100
0101
0200
0201
0300
0701
0402
0202
0304
0700
0403
0304
0701
0503
0403
0203
9900
6
9999
9999
9999
9999
0002
0000

=== thisORthat-bahidikaD374 ===
16
0100
0101
0300
2201
1210
0200
0300
0701
0402
1014
0201
0301
0500
0402
0202
9900
3
9999
9999
9999

=== thisORthat-meeksG337 ===
17
0100
0101
0300
2201
1211
0200
0300
0701
0402
0202
1016
0201
0301
0500
0402
0202
9900
3
9999
9999
9999

=== three-prideJ133 ===
31
0100
0101
0300
0501
0403
0300
2907
0404
0300
2301
1215
0300
0601
0402
0202
0303
2305
1223
0300
2702
0501
0402
0202
0304
2306
1230
0300
2508
0400
0200
9900
7
9999
9999
9999
9999
9999
0020
0003

=== two-mcnairA799 ===
21
0100
0300
0701
0401
0201
0301
2304
1212
0301
0604
0403
0203
1300
0301
1804
1220
0301
0504
0400
0200
9900
5
9999
0004
0008
9999
0012

=== two-millerI558 ===
19
0100
0300
0701
0401
0201
0301
2304
1212
0301
0604
0403
0203
0301
1804
1218
0504
0400
0200
9900
5
9999
0004
0008
9999
0012

=== validateGT5-peeleM860 ===
10
0100
0301
2501
0401
0300
2302
1200
0200
0201
9900
3
9999
0000
0005

